hsnu.jpg 31
727 1930 220 220
1144 1828 180 180
1617 1787 220 220
2056 1835 186 186
2450 1852 228 228
2884 1882 215 215
3422 1848 198 198
481 1472 200 200
805 1563 176 176
1118 1555 190 190
1387 1525 193 193
1732 1523 193 193
2053 1571 177 177
2373 1560 177 177
2642 1580 186 186
2992 1573 180 180
3425 1577 178 178
3727 1613 168 168
1184 1384 167 167
1459 1369 166 166
1708 1329 178 178
2015 1368 166 166
2308 1353 163 163
2955 1361 163 163
3383 1375 155 155
3653 1440 173 173
1883 1224 150 150
2171 1247 155 155
2536 1223 175 175
2909 1202 179 179
3126 1271 166 166